ITEM,US,AL,AK,AZ,AR,CA,CO,CT,DE,DC,FL,GA,HI,ID,IL,IN,IA,KS,KY,LA,ME,MD,MA,MI,MN,MS,MO,MT,NE,NV,NH,NJ,NM,NY,NC,ND,OH,OK,OR,PA,RI,SC,SD,TN,TX,UT,VT,VA,WA,WV,WI,WY
T01,26043497,553812,128961,1304903,1424090,3400425,X,X,X,3049563,X,831799,X,X,60109,15463,775,881689,790911,98440,43924,1069368,14073,2716683,774847,31278,41766,388902,129,1492323,306000,5068,117069,X,X,5490,X,X,21450,46214,4763,96834,X,X,X,X,1210786,49635,4484192,7702,97109,476952
T09,460473846,4607610,X,12509337,4980130,53565932,4606955,5548269,X,1919492,39969175,8980297,4731299,3065139,15499836,11003705,4655013,4359013,5707486,4814807,2263595,6821665,9353642,12897208,8018438,5022568,4894410,X,2747036,7958061,X,14742322,4181396,19046752,11907791,1270449,16454632,3798881,1338529,15401396,1560600,5124195,1678258,13847148,53676012,4552473,584677,7427094,22815409,1813139,7456088,1296487
T10,8389533,282537,41621,91425,78615,421647,56055,73381,32230,6851,317400,223273,54513,11050,314640,59088,19715,169223,192789,79719,18456,37482,99090,204578,109108,42152,47085,48793,33926,47269,12933,181349,24400,281942,591322,10543,119171,177614,19196,476580,22225,222332,20727,319575,1788584,18555,12388,282498,490367,23679,77641,2201
T11,10756350,0,21369,8152,92034,X,171345,45960,X,37,178424,X,X,X,1400703,552083,373106,298,64,759026,68991,1217107,320525,277874,218145,198111,392685,80113,7817,1330860,366,405179,66700,2008,0,23776,334019,31799,69,1979329,0,58264,12241,0,16663,X,X,46124,15022,43544,177,6241
T12,32337862,563244,63446,811228,374949,3690456,533490,254304,145896,161039,1993432,527642,210527,139362,547184,268114,173028,503133,212229,1229146,133032,856566,613510,471261,752517,436639,516480,163891,87723,546898,154258,723894,388600,2456791,1169639,80032,767006,333261,80039,939974,154474,337845,105088,1274120,4064627,202989,72313,733514,847086,187006,251916,33024
T13,55263720,964519,46522,871594,606074,8653271,708049,389702,133604,22486,3094117,1119741,82414,404914,2602985,1651613,684506,465687,745247,628239,246677,1300976,701909,1479048,883750,458712,896123,288739,373656,376578,180109,419618,322166,1276276,2377329,185945,2726939,594864,620252,3373838,138776,1017130,191658,1273145,3832081,614307,127885,1815165,1567863,432442,1177749,116731
T15,13406401,757179,4566,22261,X,877428,X,254612,52064,160848,1941971,X,142194,1649,1206004,0,72671,344,78110,12241,22492,148566,X,43601,87513,1812,X,39001,64986,49541,28056,1105989,36615,769557,299,34463,1206368,60639,21785,1183673,98556,29538,3696,7211,827995,65901,10701,485809,838845,125828,419402,3821
T16,17060030,145230,49803,256409,213844,1633961,350885,280813,104860,9349,1014833,231040,77538,41643,784861,371913,183814,112685,342329,238604,136463,440504,365269,735274,558043,127500,92206,67026,49514,170434,217521,496510,81200,855029,286285,22914,809033,408693,414864,1071809,132988,120804,52075,213888,1218337,105537,74847,246243,329320,155459,540130,19897
T18,2220776,8258,X,34366,6314,19419,25014,23153,13431,1573,10800,X,X,1317,160876,179417,17038,5825,56061,38873,1301,32598,40177,16588,1516,4941,X,59358,151,39994,36861,105401,952,771120,X,1470,89209,1149,32258,175327,26983,X,219,83303,4900,X,X,71552,1097,6946,0,13670
T19,64983027,623606,64928,258151,316654,6538331,1534486,1859940,164456,92507,1137980,561731,957996,76447,4239351,2422787,64153,61037,1015310,139316,170091,1786581,927456,1989515,2318014,297005,134529,176873,35032,384731,408960,2586142,201221,7454404,1296169,194913,2732094,87568,1559916,2482003,450317,549247,162262,626967,7956607,22276,609442,2920520,1223271,673577,433173,2984
T20,827431,4396,2026,22857,5753,81109,9013,10130,2852,6618,8290,2150,X,2616,7012,21563,17953,3235,8485,0,6589,642,4302,22581,3447,1443,6296,8235,1282,X,5462,4852,0,86065,28362,419,47111,104,5484,34037,1358,16555,1588,1858,95993,0,500,16845,205496,1948,2519,X
T21,734989,X,32,15,1360,17089,1019,174,498,583,2774,X,X,214,29701,7880,18460,9735,250,X,740,6279,13904,X,8733,19688,23,4661,427,79831,437,91035,2254,0,100,3552,57156,203765,2303,22751,266,6376,5361,506,13441,X,21,81397,16894,2964,85,255
T22,9098378,218327,X,50836,39548,83264,20547,36504,2390053,46789,278897,59280,2861,6021,367080,12868,82185,15757,121489,443597,15252,140758,25925,36144,16597,9530,0,7008,6378,88697,88535,707856,2678,420,994828,X,267659,55213,46684,4147,7907,170146,8523,1650187,272556,266,3370,81072,56374,1011,31804,24950
T23,1924124,24943,39886,44063,30497,124086,120477,5223,4249,100,17464,26958,814,62453,42772,26446,36532,29097,30090,33864,17569,18566,7087,63232,112119,3264,41424,82509,16737,13298,12357,22279,32676,52056,42721,19288,43176,26977,64471,87337,2393,24382,39444,39231,117216,33955,7896,26758,44685,36,69556,39415
T24,33746269,244420,31900,341102,188516,8122525,385260,224287,64157,39644,1535877,433181,241829,238785,2254037,367843,774964,251554,258808,83760,125894,517541,454625,1542447,934107,205977,334573,199202,126613,227541,117683,667220,227525,1420267,1012396,119818,519779,867231,1001365,1308344,37457,302979,96332,315568,2312954,270745,76116,522083,976271,5341,714690,103136
T25,3085367,46703,X,37948,22132,352801,47790,52644,5798,4848,181945,126135,321,11391,180080,277482,17715,31762,29737,11519,13985,26654,92563,65344,49852,5258,14783,10267,11821,26098,15687,60110,16392,175834,126039,4204,88391,22685,45016,82988,8511,22336,5829,34733,186578,30838,13971,46732,142865,156693,38358,5201
T27,1082741,15158,9252,0,10165,466611,16796,588,705,X,40157,X,16179,67079,28625,X,11089,6649,0,12006,X,X,X,35136,7247,8134,21613,5,X,X,26298,18009,1947,16677,20952,4,1307,5,13899,78919,590,15097,X,7614,21292,X,X,697,35788,385,50067,X
T28,16308809,70795,16252,182588,135129,4013036,75660,14488,170640,88073,208019,89030,55793,64048,894081,47092,170688,90023,150376,124287,125886,316308,417019,269372,260568,106643,212127,185930,34649,293355,266755,768448,53992,148715,414137,83920,970950,932,371333,1252054,85925,183135,159313,537098,664562,60789,35913,520392,437390,15206,349445,46450
T29,2039001,1,10092,2314,1120,4364,0,3726,12482,53073,12495,36815,15377,5605,31568,104200,3754,2969,2103,5886,13387,1889,312392,242689,91282,68149,99926,15789,1171,6254,41766,3812,X,1699,46862,0,141519,1235,9555,21088,41019,16204,31713,9086,185526,7710,10976,65532,179449,5000,58378,0
T40,472878131,5910871,X,4779485,3147770,96379294,6780832,8845425,2425836,3048229,X,16633022,3099978,2141870,21811151,11701567,4635011,4507007,6037886,4678963,2481964,12149229,21908953,11516497,13978913,2412412,8677784,2286844,3005952,X,149485,18506010,2646300,58775670,16855693,495437,11310241,4393714,13274254,17006745,1611789,5782274,X,2926,X,6497347,1210585,16645280,846835,2693568,9191233,X
T41,143071822,1559734,444240,1543564,838161,29936654,2342073,3499272,571185,1126305,5522370,3623897,347800,1034310,9862157,1230591,838062,1561519,1210388,1223914,451211,2043270,4570956,2056901,4660098,818357,911344,307950,692965,X,1271550,8696043,444335,24316578,1640070,324144,251,774802,1618518,5708628,262600,1356927,48070,3156401,X,866752,299607,4369396,X,419965,2667937,X
T50,8088117,X,X,0,X,348,0,218354,0,94517,X,0,58083,X,576037,108,86798,X,70629,0,30118,271552,973710,6,267444,0,0,X,X,X,0,542597,X,2185203,9,X,34,0,297572,1470424,72191,X,X,77,X,X,18629,0,853634,0,43,0
T51,15128635,57424,X,X,73715,X,X,253368,266725,338646,4408231,0,92132,X,86355,X,30410,X,9285,X,52020,219433,386010,406915,268839,X,16160,X,24673,119199,205865,813613,X,3258781,128215,X,0,30836,1532,803893,16820,196677,185,400920,X,X,108290,560314,1381691,12706,98757,X
T53,26666241,54359,2296473,18526,98360,135200,345959,X,X,X,28000,X,X,5887,X,1572,X,71322,147022,842005,X,X,X,36346,92048,49934,0,281651,4091,79953,X,X,5295401,X,1731,3167768,60930,1834786,16627,X,X,X,5657,910,9520235,139327,X,3538,42596,840325,2186,1145516
T99,6244891,0,X,172302,73836,2074055,X,406,1751,66369,0,196004,0,3096,X,0,0,X,0,X,0,270374,0,48,X,0,4442,7394,0,846580,0,X,123609,1836367,0,0,0,138006,708,62961,0,0,851,14723,X,699,9767,105894,192980,14283,17430,9956